birthweight
1538
2617
2691
2401
3596
3153
2500
3186
3971
4011
3699
1483
2478
2101
3314
3098
3157
2657
2115
3680
2514
2007
2140
3289
2947
2656
2799
3229
3593
3182
2263
1639
3215
3654
3085
2828
2992
2667
3138
2254
2865
2304
2485
1602
1842
2811
2878
2449
3580
2128
1026
3476
3957
2434
2902
2758
2351
3575
3787
3653
2673
2705
2899
2478
3446
4252
2504
2901
2579
2301
3466
4922
2391
1611
2162
2567
2585
2894
2710
2788
2470
1733
2502
2851
2628
3814
3571
2483
3616
3152
2663
1866
3038
3500
2173
1687
3502
3395
2327
2464
1650
2034
2712
2498
3008
2892
3589
2686
2529
2569
3494
3258
2593
2913
2274
2911
3085
3463
2890
3485
1870
3821
1678
2634
2316
3253
2652
4262
3386
3056
2191
2846
3087
3079
2037
3627
4024
1841
3039
3148
955
4418
3666
3165
3534
4116
4110
4111
2907
3703
3075
3208
2989
3323
3083
2620
3707
3113
2479
2988
3375
3141
2076
2338
2568
3618
2980
1926
2923
2863
4305
3893
2721
4156
2279
4038
3588
2920
1843
2965
3543
3670
3902
3688
3504
3798
1883
2876
